37
64
70
82
97
160
161
164
168
174
182
352
465
685
689
697
703
710
712
713
714
725
747
753
755
763
781
807
810
823
834
861
866
876
877
888
892
911
918
935
942
966
1004
1023
1031
1037
1052
1059
1064
1080
1082
1098
1109
1122
1153
1160
1176
1212
1221
1224
1225
1226
1229
1242
1255
1279
1288
1294
1297
1304
1311
1343
1377
1378
1384
1395
1426
1438
1447
1456
1460
1467
1472
1473
1485
1488
1492
1504
1512
1534
1538
1554
1565
1569
1594
1620
1642
1645
1662
1676
1715
1734
1742
1748
1756
1758
1772
1784
1818
1832
1835
1841
1842
1844
1867
1872
1873
1874
1881
1891
1894
1898
1905
1906
1909
1910
1912
1913
1929
1952
1957
1986
1987
1990
1997
2000
2001
2016
2019
2023
2051
2056
2072
2075
2081
2087
2096
2113
2119
2123
2131
2132
2158
2166
2167
2179
2187
2194
2199
2204
2211
2213
2220
2227
2238
2263
2264
2266
2273
2285
2297
2307
2320
2330
2333
2335
2340
2343
2344
2367
2369
2377
2382
2395
2400
2406
2410
2439
2445
2447
2449
2456
2474
2483
2505
